C:\pypy3.10-v7.3.12-win64\pypy.exe C:\Users\halin\PycharmProjects\pythonProject\temp2.py 
S0, S248064, S_anti_157440
1:it	0	248064	157440
2:tl	0	0	0
3:rl	0	0	0
4:c	0	0	0
5:ml	0	0	0
6:ix	0	0	0
7:iy	0	0	0
8:iz	0	0	0
9:time	0	399.950043428571	253.838262857143
10:x	0	0	0
11:y	0	0	0
12:z	0	0	0
13:qlm_time[0]	0	399.950043428571	118.045110857143
14:qlm_time[1]	0	399.950043428571	118.045110857143
15:qlm_time[2]	0	399.950043428571	253.838262857143
16:qlm_equatorial_circumference[0]	5.84279083248507	9.30464040139128	10.1195053517398
17:qlm_equatorial_circumference[1]	5.84279083248507	9.30464040139132	10.1195149953091
18:qlm_equatorial_circumference[2]	0	11.6882223386745	12.2950091551895
19:qlm_polar_circumference_0[0]	5.77878918231514	7.76958537358666	9.16192926346227
20:qlm_polar_circumference_0[1]	5.72409723202575	7.76958537147349	8.13365365901677
21:qlm_polar_circumference_0[2]	0	9.19719523739037	11.8221138719223
22:qlm_polar_circumference_pi_2[0]	5.75514926112802	7.77518587322989	10.4466753628743
23:qlm_polar_circumference_pi_2[1]	5.75067884477276	7.77518586585197	7.29607512383486
24:qlm_polar_circumference_pi_2[2]	0	9.19705885330752	11.8221099871702
25:qlm_area[0]	10.6449352600349	21.8826207707954	28.9018369188363
26:qlm_area[1]	10.6449352600348	21.8826207707955	28.9018594292427
27:qlm_area[2]	0	31.3808475536449	45.6584150389136
28:qlm_irreducible_mass[0]	0.460189372096933	0.659803688936855	0.758276846711397
29:qlm_irreducible_mass[1]	0.460189372096933	0.659803688936858	0.758277142006064
30:qlm_irreducible_mass[2]	0	0.790127917379189	0.95307151142926
31:qlm_radius[0]	0.920378744193866	1.31960737787371	1.51655369342279
32:qlm_radius[1]	0.920378744193866	1.31960737787372	1.51655428401213
33:qlm_radius[2]	0	1.58025583475838	1.90614302285852
34:qlm_spin_guess[0]	0.0611096043111562	0.443415816355207	0.411149957010506
35:qlm_spin_guess[1]	0.061109604311157	0.443415816355211	0.411152321506646
36:qlm_spin_guess[2]	0	0.775484792644997	0.421651971446313
37:qlm_mass_guess[0]	0.464954521221005	0.74043975678699	0.805284649187138
38:qlm_mass_guess[1]	0.464954521221005	0.740439756786993	0.805285416598004
39:qlm_mass_guess[2]	0	0.930119180578581	0.978405741204258
40:qlm_killing_eigenvalue_re[0]	1.00000076013031	0.99970417054031	0.943234506779932
41:qlm_killing_eigenvalue_re[1]	1.00000076013041	0.999704170540291	0.943232223379823
42:qlm_killing_eigenvalue_re[2]	0	0.999999964650769	0.999999568565161
43:qlm_killing_eigenvalue_im[0]	0	0	0
44:qlm_killing_eigenvalue_im[1]	0	0	0
45:qlm_killing_eigenvalue_im[2]	0	0	0
46:qlm_spin[0]	0.193923418973563	0.483180235085183	0.433234843150662
47:qlm_spin[1]	0.193926652330267	0.483180235024548	0.431105404619856
48:qlm_spin[2]	0	0.777629756702951	0.421840525844412
49:qlm_npspin[0]	0.402640672485084	275.169646702004	86.9882522789594
50:qlm_npspin[1]	0.402647386718876	275.169646667466	104.448152221602
51:qlm_npspin[2]	0	3.47222147243284	1.08557588374689
52:qlm_wsspin[0]	0.4748202317744	43.725929517399	5.85370995061682
53:qlm_wsspin[1]	0.474828149604342	43.7259295119095	5.68127137297554
54:qlm_wsspin[2]	0	1.43010843641488	0.327596224609437
55:qlm_cvspin[0]	0	0	0
56:qlm_cvspin[1]	0	0	0
57:qlm_cvspin[2]	0	0	0
58:qlm_coordspinx[0]	-1.31529771333391e-18	-2.56757748438698e-16	-2.49996612489717e-16
59:qlm_coordspinx[1]	1.78555003327977e-18	3.82412840330999e-17	-4.72119053180576e-16
60:qlm_coordspinx[2]	0	-7.73619838485265e-18	-8.42576052525914e-18
61:qlm_coordspiny[0]	3.92511113299069e-19	2.05408620107429e-16	9.74546446108262e-17
62:qlm_coordspiny[1]	6.10086919261586e-19	4.49176465305023e-18	-3.35702540288612e-16
63:qlm_coordspiny[2]	0	-1.47282292945449e-16	-2.97587626505859e-18
64:qlm_coordspinz[0]	0.193898328605635	0.485537670718911	-0.0340801354328908
65:qlm_coordspinz[1]	0.193898328605636	0.485537670718916	-0.0340807303470116
66:qlm_coordspinz[2]	0	0.775452660301385	0.42164378300735
67:qlm_mass[0]	0.506130984128156	0.7545926428034	0.810303327704275
68:qlm_mass[1]	0.50613244661102	0.754592642781104	0.809809608471385
69:qlm_mass[2]	0	0.930836037990291	0.978428110533961
70:qlm_adm_energy[0]	-15.3053466117084	-2626.86099659123	-1601.71728198216
71:qlm_adm_energy[1]	-15.3053466117081	-2626.86099659123	-1601.71870105631
72:qlm_adm_energy[2]	0	-7.85340313842721	-1.69664440818091
73:qlm_adm_momentum_x[0]	0.000735173276696465	2.88042976115359e-09	0.0142998537546469
74:qlm_adm_momentum_x[1]	-0.000735173276696537	2.88146319031826e-09	-0.0143001573006645
75:qlm_adm_momentum_x[2]	0	-7.53655567564463e-10	-1.1880811568849e-09
76:qlm_adm_momentum_y[0]	0.00311604076436454	-1.93550270474442e-09	6.02975563755603e-05
77:qlm_adm_momentum_y[1]	-0.00311604076436449	-1.93619413816237e-09	-6.05037969693737e-05
78:qlm_adm_momentum_y[2]	0	-1.2109951098992e-09	3.38560090884634e-09
79:qlm_adm_momentum_z[0]	2.57212035414398e-19	6.47406864902931e-17	6.16156134899497e-18
80:qlm_adm_momentum_z[1]	-1.39373083621648e-18	8.75182104310971e-18	4.51014475803262e-17
81:qlm_adm_momentum_z[2]	0	3.45690382403911e-16	7.55633754305113e-17
82:qlm_adm_angular_momentum_x[0]	2.4275831712745e-18	-9.49874599427839e-20	-1.732568022155e-19
83:qlm_adm_angular_momentum_x[1]	4.6521714219473e-18	-1.80062627037823e-20	3.77407890506728e-19
84:qlm_adm_angular_momentum_x[2]	0	2.29639815627065e-17	-3.55232284035819e-18
85:qlm_adm_angular_momentum_y[0]	-3.84589980981871e-19	-2.68338143606296e-19	-4.3643256059344e-20
86:qlm_adm_angular_momentum_y[1]	-8.68564538431045e-18	2.09522900526266e-20	-1.0754503261322e-19
87:qlm_adm_angular_momentum_y[2]	0	1.0949306526672e-18	-6.03629699502788e-18
88:qlm_adm_angular_momentum_z[0]	0.0153058255114694	0.00035080397818617	0.000313381703705547
89:qlm_adm_angular_momentum_z[1]	0.0153058255114692	0.000350803978186178	0.000313387046908071
90:qlm_adm_angular_momentum_z[2]	0	0.0589158850647482	0.095709334806514
91:qlm_w_energy[0]	30.6850303760092	6705.72050632116	3137.98130017304
92:qlm_w_energy[1]	30.6850303760085	6705.72050632097	3137.99075879618
93:qlm_w_energy[2]	0	16.3865665607738	5.13631804964617
94:qlm_w_momentum_x[0]	-8.8720479451691e-08	6.25205216955296e-05	17.2792868796154
95:qlm_w_momentum_x[1]	8.87204788358542e-08	6.25241891043315e-05	-17.2794591540321
96:qlm_w_momentum_x[2]	0	-1.25699814336913e-08	1.756576046099e-09
97:qlm_w_momentum_y[0]	0.129100975225132	3.50569016051309e-05	3.24778912152664
98:qlm_w_momentum_y[1]	-0.129100975225133	3.50592060231012e-05	-3.24779578428956
99:qlm_w_momentum_y[2]	0	-4.63782905303395e-09	-1.42880654795423e-08
100:qlm_w_momentum_z[0]	1.11114827274763e-17	2.2360600625465e-13	-1.0241412712427e-14
101:qlm_w_momentum_z[1]	6.13423776535928e-18	2.29933066306669e-14	1.00898287532212e-14
102:qlm_w_momentum_z[2]	0	2.66733202038307e-16	-6.311833581451e-17
103:qlm_w_angular_momentum_x[0]	-1.15421516753654e-18	-2.57154118038048e-16	-1.49955257042318e-16
104:qlm_w_angular_momentum_x[1]	1.49918750300659e-18	3.86027987245294e-17	5.56039097576686e-17
105:qlm_w_angular_momentum_x[2]	0	-4.81791283457967e-18	-4.55877314721196e-18
106:qlm_w_angular_momentum_y[0]	-3.38362429871681e-17	2.04518893045843e-16	4.93881506379193e-17
107:qlm_w_angular_momentum_y[1]	2.06254802890796e-17	5.18440387388034e-18	-5.57104126549188e-16
108:qlm_w_angular_momentum_y[2]	0	-1.46984689282574e-16	-2.38689404703242e-18
109:qlm_w_angular_momentum_z[0]	0.588882762306926	0.485537670727636	0.294618146327133
110:qlm_w_angular_momentum_z[1]	0.588882762306925	0.485537670727643	0.294613933473329
111:qlm_w_angular_momentum_z[2]	0	0.775452660301379	0.421643783007348
0.43093997245974963
0.8330711625385816

Process finished with exit code 0
